[[-0.02971807  0.03280679  0.01560225 -0.01869098]
 [ 0.13597525  0.57936686 -0.39424433 -0.32109778]
 [-0.34723235  0.50221745  0.25007423 -0.40505932]
 [-0.13597525 -0.57936686  0.39424433  0.32109778]
 [ 0.12555149  0.29852278  0.18907478 -0.61314905]
 [-0.06164308 -0.365311    0.59813432 -0.17118024]
 [ 0.34608409 -0.57404333  0.44601369 -0.21805445]
 [-0.44836401  0.32050225  0.08791658  0.03994518]
 [-0.46326546  0.29340161  0.09045802  0.07940583]
 [-0.17070378 -0.19226618  0.05704416  0.30592579]
 [-0.01948934  0.01655198  0.01343186 -0.0104945 ]
 [-0.21355647 -0.0595103   0.53017034 -0.25710357]
 [ 0.43181189 -0.19325261 -0.02995338 -0.2086059 ]]|[[-0.15132318  0.29217548  0.03164473 -0.17249703]]